316,5
316,4
316,3
316,2
316,1
316,0
315,4
315,3
315,2
315,1
315,0
314,3
314,2
314,1
314,0
313,5
313,4
313,3
313,2
313,1
313,0
312,4
312,3
312,2
312,1
312,0
311,3
311,2
311,1
311,0
310,3
310,2
310,1
310,0
309,4
309,3
309,2
309,1
309,0
308,3
308,2
308,1
308,0
307,3
307,2
307,1
307,0
306,6
306,5
306,4
306,3
306,2
306,1
306,0
305,5
305,4
305,3
305,2
305,1
305,0
304,4
304,3
304,2
304,1
304,0
303,3
303,2
303,1
303,0
0,568
302,5
302,4
302,3
302,2
302,1
302,0
301,4
301,3
301,2
301,1
301,0
300,3
300,2
300,1
300,0
299,5
299,4
299,3
299,2
299,1
299,0
298,4
298,3
298,2
298,1
298,0
297,3
297,2
297,1
297,0
296,3
296,2
296,1
296,0
295,4
295,3
295,2
295,1
295,0
294,3
294,2
294,1
294,0
293,3
293,2
293,1
293,0
292,6
292,5
292,4
292,3
292,2
292,1
292,0
291,5
291,4
291,3
291,2
291,1
291,0
290,4
290,3
290,2
290,1
290,0
289,3
289,2
289,1
289,0
0,567
288,5
288,4
288,3
288,2
288,1
288,0
287,4
287,3
287,2
287,1
287,0
286,3
286,2
286,1
286,0
285,5
285,4
285,3
285,2
285,1
285,0
284,4
284,3
284,2
284,1
284,0
283,3
283,2
283,1
283,0
282,3
282,2
282,1
282,0
281,4
281,3
281,2
281,1
281,0
280,3
280,2
280,1
280,0
279,3
279,2
279,1
279,0
278,6
278,5
278,4
278,3
278,2
278,1
278,0
277,5
277,4
277,3
277,2
277,1
277,0
276,4
276,3
276,2
276,1
276,0
275,3
275,2
275,1
275,0
274,5
274,4
274,3
274,2
274,1
274,0
273,4
273,3
273,2
273,1
273,0
272,3
272,2
272,1
272,0
271,5
271,4
271,3
271,2
271,1
271,0
270,4
270,3
270,2
270,1
270,0
269,3
269,2
269,1
269,0
268,3
268,2
268,1
268,0
267,3
267,2
267,1
267,0
266,3
266,2
266,1
266,0
265,3
265,2
265,1
265,0
264,3
264,2
264,1
264,0
263,3
263,2
263,1
263,0
262,3
262,2
262,1
262,0
261,3
261,2
261,1
261,0
260,3
260,2
260,1
260,0
259,3
259,2
259,1
259,0
258,3
258,2
258,1
258,0
257,3
257,2
257,1
257,0
256,4
256,3
256,2
256,1
256,0
255,3
255,2
255,1
255,0
254,3
254,2
254,1
254,0
253,6
253,5
253,4
253,3
253,2
253,1
253,0
252,5
252,4
252,3
252,2
252,1
252,0
251,4
251,3
251,2
251,1
251,0
250,3
250,2
250,1
250,0
0,310
0,305
0,308
0,307
0,302
0,304
0,303
0,12
0,10
0,8
0,0
0,513
0,419
0,300
0,512
0,418
0,299
0,514
0,417
0,298
0,510
0,416
0,297
0,509
0,415
0,296
0,511
0,414
0,295
0,507
0,413
0,294
0,506
0,412
0,293
0,508
0,411
0,292
0,504
0,410
0,291
0,503
0,409
0,290
0,505
0,407
0,289
0,501
0,406
0,288
0,500
0,405
0,287
0,502
0,404
0,286
0,498
0,403
0,285
0,497
0,402
0,284
0,499
0,401
0,283
0,495
0,400
0,282
0,493
0,399
0,281
0,496
0,398
0,280
0,491
0,397
0,279
0,490
0,396
0,278
0,492
0,395
0,277
0,563
0,394
0,276
0,562
0,393
0,275
0,565
0,392
0,274
0,558
0,391
0,273
0,557
0,390
0,272
0,560
0,389
0,271
0,555
0,388
0,270
0,554
0,387
0,269
0,556
0,386
0,268
0,553
0,385
0,267
0,552
0,384
0,266
0,489
0,383
0,265
0,488
0,382
0,264
0,551
0,381
0,263
0,487
0,380
0,262
0,486
0,379
0,261
0,485
0,378
0,260
0,484
0,377
0,259
0,537
0,376
0,258
0,559
0,375
0,257
0,549
0,374
0,256
0,548
0,373
0,255
0,550
0,372
0,254
0,536
0,371
0,253
0,535
0,370
0,252
0,547
0,369
0,251
0,546
0,368
0,250
0,545
0,474
0,249
0,544
0,367
0,248
0,473
0,366
0,247
0,472
0,365
0,246
0,534
0,364
0,245
0,533
0,471
0,244
0,561
0,470
0,242
0,564
0,363
0,241
0,566
0,362
0,240
0,469
0,361
0,239
3,1
3,3
224,1
224,3
225,0
225,2
225,3
226,0
226,1
226,3
226,5
227,0
227,2
227,3
227,5
228,0
228,1
228,3
229,0
229,2
229,3
230,1
230,3
230,4
231,1
231,2
232,0
232,2
232,3
233,1
233,2
234,0
234,2
234,3
235,1
235,2
236,0
236,1
236,3
237,1
237,2
238,0
238,1
238,3
239,1
239,2
240,0
240,1
240,3
241,0
241,2
242,0
242,1
242,3
243,0
243,2
246,0
246,1
246,3
246,4
249,0
249,1
249,3
249,5
249,4
249,2
246,5
246,2
243,3
243,1
242,2
241,3
241,1
240,2
239,3
239,0
238,2
237,3
237,0
236,2
235,3
235,0
234,1
233,3
233,0
232,1
231,3
231,0
230,2
230,0
229,1
228,2
227,6
227,4
227,1
226,4
226,2
225,4
225,1
224,2
224,0
3,0
0,494
0,408
0,322
0,243
1,1
1,3
1,0
2,1
2,3
2,0
0,9
0,468
0,360
0,238
0,542
0,359
0,237
0,541
0,358
0,236
0,543
0,357
0,235
0,540
0,356
0,234
0,532
0,355
0,233
0,466
0,354
0,232
0,465
0,353
0,231
0,467
0,352
0,230
0,464
0,463
0,229
0,462
0,351
0,228
0,461
0,350
0,227
0,460
0,349
0,226
0,459
0,348
0,225
0,458
0,457
0,224
0,539
0,483
0,223
0,531
0,347
0,222
0,456
0,346
0,221
0,455
0,345
0,220
0,538
0,344
0,219
0,482
0,453
0,218
0,481
0,452
0,217
0,454
0,343
0,216
0,451
0,342
0,215
0,450
0,341
0,214
0,449
0,340
0,213
0,448
0,447
0,212
0,446
0,445
0,211
0,444
0,339
0,210
0,529
0,338
0,209
0,530
0,337
0,208
0,443
0,336
0,207
0,442
0,335
0,206
0,528
0,334
0,205
0,527
0,441
0,204
0,526
0,333
0,203
0,440
0,332
0,202
0,439
0,331
0,201
0,437
0,330
0,200
0,480
0,436
0,199
0,479
0,438
0,198
0,435
0,329
0,197
0,434
0,328
0,196
0,433
0,327
0,195
0,432
0,326
0,194
0,431
0,430
0,193
0,429
0,428
0,192
0,524
0,325
0,63
0,525
0,324
0,62
0,522
0,323
0,61
0,521
0,321
0,60
0,523
0,478
0,59
0,427
0,320
0,58
0,477
0,319
0,57
0,476
0,318
0,56
0,426
0,317
0,55
0,475
0,425
0,54
0,424
0,423
0,53
0,422
0,316
0,52
0,421
0,315
0,51
0,420
0,314
0,50
0,519
0,313
0,49
0,518
0,312
0,48
0,520
0,311
0,47
0,516
0,309
0,46
0,515
0,306
0,45
0,517
0,301
0,6
0,5
0,1
0,11
0,4
0,2
0,3
0,7
